SIZES
  narena                15728640
  nbuffer               50144
  nplugin               0
  maxuse_stack          8216
  maxuse_arena          31636
  maxuse_con            0
  maxuse_efc            0
  solver_nisland        0
  ne                    0
  nf                    0
  nl                    0
  nefc                  0
  nnzJ                  0
  ncon                  0
  nisland               0
  threadpool            0

TIMER
    0:  duration =  0          number = 0
    1:  duration =  0.14       number = 7
    2:  duration =  0          number = 0
    3:  duration =  0.11       number = 7
    4:  duration =  0.026      number = 7
    5:  duration =  0          number = 0
    6:  duration =  0.00053    number = 7
    7:  duration =  0          number = 0
    8:  duration =  0.039      number = 7
    9:  duration =  0.02       number = 7
    10:  duration =  0.035      number = 7
    11:  duration =  0.011      number = 7
    12:  duration =  0.00038    number = 7
    13:  duration =  0.02       number = 7
    14:  duration =  0.014      number = 7

ENERGY =   0         0       

TIME =  0       

QPOS
   0       
   0       
   0       
   0       
   0       
   0       
   0       
   0       
   0       
   0       
   0       
   0       
   0       
   0       
   0       
   0       
   0       
   0       
   0       
   0       
   0       
   0       
   0       
   0       
   0       
   0       
   0       
   0       
   0       
   0       
   0       
   0       

QVEL
   0       
   0       
   0       
   0       
   0       
   0       
   0       
   0       
   0       
   0       
   0       
   0       
   0       
   0       
   0       
   0       
   0       
   0       
   0       
   0       
   0       
   0       
   0       
   0       
   0       
   0       
   0       
   0       
   0       
   0       
   0       
   0       

QACC_WARMSTART
  -0.32    
   0.41    
   1       
  -5.7     
   57      
  -0.73    
   0.32    
  -0.41    
   1.1     
  -5.8     
   57      
   0.73    
   0.0033  
  -0.47    
  -0.043   
   0.75    
  -5       
  -2.3     
  -1.7     
   1.9     
   57      
   5.2     
   0.74    
   5.1     
   2.2     
  -1.7     
  -1.8     
  -56      
   4.9     
   4.4     
  -24      
   65      

QFRC_APPLIED
   0       
   0       
   0       
   0       
   0       
   0       
   0       
   0       
   0       
   0       
   0       
   0       
   0       
   0       
   0       
   0       
   0       
   0       
   0       
   0       
   0       
   0       
   0       
   0       
   0       
   0       
   0       
   0       
   0       
   0       
   0       
   0       

XFRC_APPLIED
   0         0         0         0         0         0       
   0         0         0         0         0         0       
   0         0         0         0         0         0       
   0         0         0         0         0         0       
   0         0         0         0         0         0       
   0         0         0         0         0         0       
   0         0         0         0         0         0       
   0         0         0         0         0         0       
   0         0         0         0         0         0       
   0         0         0         0         0         0       
   0         0         0         0         0         0       
   0         0         0         0         0         0       
   0         0         0         0         0         0       
   0         0         0         0         0         0       
   0         0         0         0         0         0       
   0         0         0         0         0         0       
   0         0         0         0         0         0       
   0         0         0         0         0         0       
   0         0         0         0         0         0       
   0         0         0         0         0         0       
   0         0         0         0         0         0       
   0         0         0         0         0         0       
   0         0         0         0         0         0       
   0         0         0         0         0         0       
   0         0         0         0         0         0       
   0         0         0         0         0         0       
   0         0         0         0         0         0       
   0         0         0         0         0         0       
   0         0         0         0         0         0       
   0         0         0         0         0         0       
   0         0         0         0         0         0       
   0         0         0         0         0         0       
   0         0         0         0         0         0       
   0         0         0         0         0         0       
   0         0         0         0         0         0       
   0         0         0         0         0         0       
   0         0         0         0         0         0       
   0         0         0         0         0         0       

QACC
  -0.32    
   0.41    
   1       
  -5.7     
   57      
  -0.73    
   0.32    
  -0.41    
   1.1     
  -5.8     
   57      
   0.73    
   0.0033  
  -0.47    
  -0.043   
   0.75    
  -5       
  -2.3     
  -1.7     
   1.9     
   57      
   5.2     
   0.74    
   5.1     
   2.2     
  -1.7     
  -1.8     
  -56      
   4.9     
   4.4     
  -24      
   65      

XPOS
   0         0         0       
   0         0         0       
  -0.0025    0.1      -0.028   
  -0.0025    0.1      -0.028   
  -0.0025    0.13     -0.17    
  -0.0025    0.11     -0.53    
  -0.0025    0.11     -0.87    
  -0.0025    0.11     -0.87    
  -0.0025   -0.1      -0.028   
  -0.0025   -0.1      -0.028   
  -0.0025   -0.13     -0.17    
  -0.0025   -0.11     -0.53    
  -0.0025   -0.11     -0.87    
  -0.0025   -0.11     -0.87    
   0         0         0       
   0         0         0.087   
   0         0         0.17    
  -0.0041    0         0.33    
  -0.0041    0.1       0.38    
  -0.0041    0.19      0.42    
  -0.0041    0.23      0.35    
  -0.0041    0.23      0.17    
  -0.0041    0.23      0.12    
  -0.0041    0.23     -0.071   
  -0.0041    0.23     -0.071   
  -0.0041    0.23     -0.071   
  -0.0041   -0.1       0.38    
  -0.0041   -0.19      0.42    
  -0.0041   -0.23      0.35    
  -0.0041   -0.23      0.17    
  -0.0041   -0.23      0.12    
  -0.0041   -0.23     -0.071   
  -0.0041   -0.23     -0.071   
  -0.0041   -0.23     -0.071   
  -0.0041    0         0.5     
  -0.0041   -0.001     0.64    
  -0.0041   -0.001     0.64    
  -0.065     0        -0.06    

XQUAT
   1         0         0         0       
   1         0         0         0       
   1         0         0         0       
   1         0         0         0       
   1         0         0         0       
   1         0         0         0       
   1         0         0         0       
   1         0         0         0       
   1         0         0         0       
   1         0         0         0       
   1         0         0         0       
   1         0         0         0       
   1         0         0         0       
   1         0         0         0       
   1         0         0         0       
   1         0         0         0       
   1         0         0         0       
   1         0         0         0       
   0.98      0.22      0         0       
   1         0         0         0       
   1         0         0         0       
   1         0         0         0       
   1         0         0         0       
   1         0         0         0       
   1         0         0         0       
   1         0         0         0       
   0.98     -0.22      0         0       
   1         0         0         0       
   1         0         0         0       
   1         0         0         0       
   1         0         0         0       
   1         0         0         0       
   1         0         0         0       
   1         0         0         0       
   1         0         0         0       
   1         0         0         0       
   1         0         0         0       
   1         0         0         0       

XMAT
   1         0         0         0         1         0         0         0         1       
   1         0         0         0         1         0         0         0         1       
   1         0         0         0         1         0         0         0         1       
   1         0         0         0         1         0         0         0         1       
   1         0         0         0         1         0         0         0         1       
   1         0         0         0         1         0         0         0         1       
   1         0         0         0         1         0         0         0         1       
   1         0         0         0         1         0         0         0         1       
   1         0         0         0         1         0         0         0         1       
   1         0         0         0         1         0         0         0         1       
   1         0         0         0         1         0         0         0         1       
   1         0         0         0         1         0         0         0         1       
   1         0         0         0         1         0         0         0         1       
   1         0         0         0         1         0         0         0         1       
   1         0         0         0         1         0         0         0         1       
   1         0         0         0         1         0         0         0         1       
   1         0         0         0         1         0         0         0         1       
   1         0         0         0         1         0         0         0         1       
   1         0         0         0         0.91     -0.42      0         0.42      0.91    
   1         0         0         0         1         0         0         0         1       
   1         0         0         0         1         0         0         0         1       
   1         0         0         0         1         0         0         0         1       
   1         0         0         0         1         0         0         0         1       
   1         0         0         0         1         0         0         0         1       
   1         0         0         0         1         0         0         0         1       
   1         0         0         0         1         0         0         0         1       
   1        -0         0         0         0.91      0.42     -0        -0.42      0.91    
   1         0         0         0         1         0         0         0         1       
   1         0         0         0         1         0         0         0         1       
   1         0         0         0         1         0         0         0         1       
   1         0         0         0         1         0         0         0         1       
   1         0         0         0         1         0         0         0         1       
   1         0         0         0         1         0         0         0         1       
   1         0         0         0         1         0         0         0         1       
   1         0         0         0         1         0         0         0         1       
   1         0         0         0         1         0         0         0         1       
   1         0         0         0         1         0         0         0         1       
   1         0         0         0         1         0         0         0         1       

XIPOS
   0         0         0       
  -0.066    -9.8e-05  -0.014   
  -0.035     0.11     -0.025   
  -0.0027    0.14     -0.13    
  -0.0011    0.099    -0.23    
  -0.00078   0.11     -0.64    
   0.026     0.11     -0.9     
   0.026     0.11     -0.9     
  -0.035    -0.11     -0.025   
  -0.0026   -0.14     -0.14    
  -0.00099  -0.099    -0.23    
  -0.00078  -0.11     -0.64    
   0.026    -0.11     -0.9     
   0.026    -0.11     -0.9     
  -0.0026   -0.0093    0.051   
   0.0045   -0.0044    0.13    
   0.01     -1.5e-06   0.18    
  -0.011     0.00015   0.35    
  -0.00091   0.15      0.4     
  -0.00071   0.2       0.39    
  -0.0041    0.23      0.26    
  -0.0041    0.24      0.14    
  -0.0042    0.23      0.055   
  -0.0041    0.23     -0.083   
  -0.0041    0.23     -0.083   
  -0.0041    0.23     -0.071   
  -0.0009   -0.15      0.4     
  -0.00072  -0.2       0.39    
  -0.0041   -0.23      0.26    
  -0.0041   -0.24      0.14    
  -0.0041   -0.23      0.055   
  -0.0041   -0.23     -0.083   
  -0.0041   -0.23     -0.083   
  -0.0041   -0.23     -0.071   
  -0.0043   -0.00013   0.56    
  -0.0042    0.013     0.64    
   0.022     0.0012    0.63    
  -0.065     0        -0.065   

XIMAT
   1         0         0         0         1         0         0         0         1       
  -0.41     -0.91     -0.0002   -0.00045   0.00042  -1         0.91     -0.41     -0.00058 
  -0.031     0.0023    1        -0.094    -1        -0.00066   1        -0.094     0.031   
  -0.018    -1        -0.022     0.96     -0.011    -0.27      0.27     -0.026     0.96    
  -0.36     -0.93     -0.03      0.93     -0.36      0.059    -0.065    -0.0065    1       
   0.74      0.67      0.0019   -0.67      0.74      0.013     0.0075   -0.011     1       
   0.082     0.0069    1         0.021    -1         0.0051    1         0.021    -0.082   
   0.082     0.0069    1         0.021    -1         0.0051    1         0.021    -0.082   
  -0.03     -0.013     1         0.09     -1        -0.0099    1         0.09      0.031   
   0.021    -1        -0.0076    0.96      0.018     0.27     -0.27     -0.013     0.96    
   0.34     -0.94     -0.029     0.94      0.34     -0.057     0.064    -0.0079    1       
   0.19     -0.98      0.0061    0.98      0.19     -0.013     0.012     0.0085    1       
   0.082    -0.0069    1        -0.022    -1        -0.0051    1        -0.021    -0.082   
   0.082    -0.0069    1        -0.022    -1        -0.0051    1        -0.021    -0.082   
   0.94     -0.33      0.0033    0.31      0.87     -0.38      0.12      0.36      0.92    
  -0.43     -0.9       0.092     0.9      -0.42      0.1      -0.05      0.13      0.99    
   0.0012    0.6       0.8       1        -0.0023    0.00016   0.0019    0.8      -0.6     
   0.99     -0.0016    0.1       0.0018    1        -0.0022   -0.1       0.0024    0.99    
   1         0.0073   -0.063    -0.054    -0.42     -0.9      -0.033     0.91     -0.42    
   0.73      0.68     -0.017    -0.59      0.62     -0.53     -0.35      0.4       0.85    
   1         0.058     0.00053  -0.058     1        -0.03     -0.0023    0.03      1       
   0.0043   -1         0.00029   0.97      0.0042    0.25     -0.25     -0.0008    0.97    
   0.99     -0.11     -0.0069    0.11      0.99     -0.011     0.008     0.0099    1       
  -2.8e-17   0         1         0.94      0.35      0        -0.35      0.94      0       
  -2.8e-17   0         1         0.94      0.35      0        -0.35      0.94      0       
   1         0         0         0         1         0         0         0         1       
   1        -0.0028    0.067     0.062     0.42     -0.9      -0.026     0.91      0.42    
   0.73     -0.69     -0.017     0.59      0.61      0.53     -0.35     -0.39      0.85    
   1         0.036     0.00045  -0.036     1         0.03      0.00063  -0.03      1       
   0.0038   -1        -2.4e-05   0.97      0.0037   -0.25      0.25      0.00092   0.97    
   0.99     -0.11      0.0071    0.11      0.99      0.011    -0.0082   -0.01      1       
  -5.6e-17   0         1         0.94     -0.35      0         0.35      0.94      0       
  -5.6e-17   0         1         0.94     -0.35      0         0.35      0.94      0       
   1         0         0         0         1         0         0         0         1       
  -0.025    -1        -0.019     1        -0.025    -0.0026    0.0021   -0.019     1       
  -0.71     -0.53     -0.47      0.028     0.64     -0.77      0.71     -0.56     -0.44    
   0.45     -0.037     0.89      0.00066  -1        -0.042     0.89      0.02     -0.45    
  -0.056     0         1         0        -1         0         1         0         0.056   

XANCHOR
  -0.0025    0.1      -0.028   
  -0.0025    0.1      -0.028   
  -0.0025    0.13     -0.17    
  -0.0025    0.11     -0.53    
  -0.0025    0.11     -0.87    
  -0.0025    0.11     -0.87    
  -0.0025   -0.1      -0.028   
  -0.0025   -0.1      -0.028   
  -0.0025   -0.13     -0.17    
  -0.0025   -0.11     -0.53    
  -0.0025   -0.11     -0.87    
  -0.0025   -0.11     -0.87    
   0         0         0       
   0         0         0.087   
   0         0         0.17    
  -0.0041    0.1       0.38    
  -0.0041    0.19      0.42    
  -0.0041    0.23      0.35    
  -0.0041    0.23      0.17    
  -0.0041    0.23      0.12    
  -0.0041    0.23     -0.071   
  -0.0041    0.23     -0.071   
  -0.0041   -0.1       0.38    
  -0.0041   -0.19      0.42    
  -0.0041   -0.23      0.35    
  -0.0041   -0.23      0.17    
  -0.0041   -0.23      0.12    
  -0.0041   -0.23     -0.071   
  -0.0041   -0.23     -0.071   
  -0.0041    0         0.5     
  -0.0041   -0.001     0.64    
  -0.0041   -0.001     0.64    

XAXIS
   1         0         0       
   0         0         1       
   0         1         0       
   0         1         0       
   0         1         0       
   1         0         0       
   1         0         0       
   0         0         1       
   0         1         0       
   0         1         0       
   0         1         0       
   1         0         0       
   0         0         1       
   0         1         0       
   1         0         0       
   0         0.91      0.42    
   1         0         0       
   0         0         1       
   0         1         0       
   0         0         1       
   1         0         0       
   0         1         0       
   0         0.91     -0.42    
   1         0         0       
   0         0         1       
   0         1         0       
   0         0         1       
   1         0         0       
   0         1         0       
   0         0         1       
   1         0         0       
   0         1         0       

GEOM_XPOS
  -0.043     0.00037   0.0092  
  -0.0018    0.097    -0.34    
  -0.0025    0.11     -0.7     
   0.048     0.13     -0.9     
   0.048     0.086    -0.9     
  -0.0046   -0.097    -0.34    
  -0.0025   -0.11     -0.7     
   0.048    -0.086    -0.9     
   0.048    -0.13     -0.9     
  -0.02      0.0052    0.32    
  -0.0041    0.23      0.27    
  -0.0031    0.23      0.04    
  -0.0041   -0.23      0.27    
  -0.0031   -0.23      0.04    
   0.014    -0.001     0.63    

GEOM_XMAT
   1        -0.0068    0.0068   -0.0068   -0.00071   1        -0.0068   -1        -0.00076 
   1         0         0         0         1         0         0         0         1       
  -0.92     -0.4       0.0025   -0.4       0.92      0.00051  -0.0025   -0.00051  -1       
  -4.2e-06   0         1         0         1         0        -1         0        -4.2e-06 
  -4.2e-06   0         1         0         1         0        -1         0        -4.2e-06 
   1         3.8e-05   0.014     3.8e-05   1        -0.0054   -0.014     0.0054    1       
   1         0         0         0         1         0         0         0         1       
  -4.2e-06   0         1         0         1         0        -1         0        -4.2e-06 
  -4.2e-06   0         1         0         1         0        -1         0        -4.2e-06 
   1         0         0         0         1         0         0         0         1       
   0.98     -0.19      0.0015   -0.19     -0.98      0.016    -0.0015   -0.016    -1       
   1         0         0         0         1         0         0         0         1       
   1         0         0         0         1         0         0         0         1       
   1         0         0         0         1         0         0         0         1       
   1         0         0         0         1         0         0         0         1       

SUBTREE_COM
  -0.0077   -0.00035  -0.081   
  -0.0077   -0.00035  -0.081   
  -0.0027    0.11     -0.29    
   0.00065   0.11     -0.31    
   0.0016    0.1      -0.37    
   0.0088    0.11     -0.73    
   0.026     0.11     -0.9     
   0.026     0.11     -0.9     
  -0.0026   -0.11     -0.29    
   0.00071  -0.11     -0.32    
   0.0017   -0.1      -0.37    
   0.0088   -0.11     -0.73    
   0.026    -0.11     -0.9     
   0.026    -0.11     -0.9     
  -0.0037   -0.001     0.27    
  -0.0038   -0.00026   0.3     
  -0.0048    0.00021   0.31    
  -0.0058    0.00023   0.32    
  -0.0027    0.2       0.25    
  -0.0033    0.22      0.2     
  -0.0041    0.23      0.14    
  -0.0042    0.23      0.074   
  -0.0042    0.23      0.045   
  -0.0041    0.23     -0.083   
  -0.0041    0.23     -0.083   
  -0.0041    0.23     -0.071   
  -0.0027   -0.2       0.25    
  -0.0033   -0.22      0.2     
  -0.0041   -0.23      0.14    
  -0.0041   -0.23      0.074   
  -0.0041   -0.23      0.045   
  -0.0041   -0.23     -0.083   
  -0.0041   -0.23     -0.083   
  -0.0041   -0.23     -0.071   
   0.0074    0.0021    0.6     
   0.017     0.0038    0.64    
   0.022     0.0012    0.63    
  -0.065     0        -0.065   

CDOF
   1         0         0         0         0.054    -0.11    
   0         0         1         0.11     -0.0052    0       
   0         1         0         0.087    -0         0.0052  
   0         1         0         0.45     -0         0.0052  
   0         1         0         0.79     -0         0.0052  
   1         0         0         0        -0.79     -0.11    
   1         0         0        -0         0.054     0.1     
   0         0         1        -0.1      -0.0052    0       
   0         1         0         0.087    -0         0.0052  
   0         1         0         0.45     -0         0.0052  
   0         1         0         0.79     -0         0.0052  
   1         0         0         0        -0.79      0.11    
   0         0         1         0.00035  -0.0077    0       
   0         1         0        -0.17      0         0.0077  
   1         0         0         0         0.25     -0.00035 
   0         0.91      0.42     -0.37     -0.0015    0.0032  
   1         0         0         0         0.5      -0.19    
   0         0         1         0.23     -0.0035    0       
   0         1         0        -0.25      0         0.0035  
   0         0         1         0.23     -0.0035    0       
   1         0         0         0         0.01     -0.23    
   0         1         0        -0.01      0         0.0035  
   0         0.91     -0.42     -0.37      0.0015    0.0032  
   1         0         0        -0         0.5       0.19    
   0         0         1        -0.23     -0.0035    0       
   0         1         0        -0.25      0         0.0035  
   0         0         1        -0.23     -0.0035    0       
   1         0         0        -0         0.01      0.23    
   0         1         0        -0.01      0         0.0035  
   0         0         1         0.00035  -0.0035    0       
   1         0         0        -0         0.73      0.0007  
   0         1         0        -0.73      0         0.0035  

CINERT
   0         0         0         0         0         0         0         0         0         0       
   0.049     0.041     0.048     5.3e-05   0.013    -7.9e-05  -0.22      0.00097   0.26      3.8     
   0.022     0.0081    0.02      0.0042    0.0022   -0.0086   -0.04      0.15      0.081     1.4     
   0.087     0.027     0.069    -0.0023    0.001     0.027     0.016     0.45     -0.17      3.2     
   0.32      0.24      0.1      -0.0053    0.0093    0.11      0.053     0.79     -1.2       8       
   0.64      0.61      0.023    -0.0014    0.0074    0.11      0.013     0.21     -1.1       1.9     
   0.36      0.36      0.0093   -0.002     0.015     0.047     0.018     0.058    -0.44      0.54    
   0.36      0.36      0.0093   -0.002     0.015     0.047     0.018     0.058    -0.44      0.54    
   0.022     0.0081    0.02     -0.0041    0.0022    0.0085   -0.04     -0.15      0.081     1.4     
   0.089     0.029     0.069     0.0023    0.001    -0.03      0.016    -0.44     -0.19      3.2     
   0.32      0.24      0.099     0.0053    0.0093   -0.11      0.053    -0.79     -1.2       8       
   0.64      0.61      0.023     0.0014    0.0074   -0.11      0.013    -0.2      -1.1       1.9     
   0.36      0.36      0.0092    0.0019    0.015    -0.047     0.018    -0.057    -0.44      0.54    
   0.36      0.36      0.0092    0.0019    0.015    -0.047     0.018    -0.057    -0.44      0.54    
   0.029     0.029     0.0018    0.00011  -0.00098   0.0023    0.0075   -0.013     0.2       1.5     
   0.076     0.076     0.0021    5e-05    -0.0044    0.0011    0.02     -0.0065    0.34      1.6     
   0.064     0.064     0.0014   -5.7e-06  -0.0042   -8.3e-05   0.016     0.00032   0.24      0.91    
   1.2       1.2       0.026     3e-05     0.0069   -0.0014   -0.02      0.0032    2.7       6.4     
   0.21      0.19      0.02     -0.00091  -0.0027   -0.059     0.0055    0.12      0.39      0.81    
   0.13      0.11      0.021    -0.00072  -0.0017   -0.048     0.0035    0.1       0.24      0.5     
   0.097     0.068     0.029    -0.00045  -0.00068  -0.043     0.002     0.13      0.19      0.55    
   0.034     0.017     0.018    -0.00027  -0.00026  -0.017     0.0011    0.075     0.072     0.32    
   0.054     0.016     0.039    -0.00059  -0.00034  -0.023     0.0026    0.17      0.1       0.73    
   0.0016    1e-05     0.0016   -2.4e-05   1.6e-07   1e-05     0.0001    0.0068   -4.6e-05   0.03    
   0.0016    1e-05     0.0016   -2.4e-05   1.6e-07   1e-05     0.0001    0.0068   -4.6e-05   0.03    
   0         0         0         0         0         0         0         0         0         0       
   0.21      0.19      0.02      0.00091  -0.0027    0.059     0.0055   -0.12      0.39      0.81    
   0.13      0.11      0.021     0.00072  -0.0016    0.048     0.0035   -0.1       0.24      0.5     
   0.097     0.068     0.029     0.00046  -0.00068   0.043     0.002    -0.13      0.19      0.55    
   0.034     0.017     0.018     0.00027  -0.00026   0.017     0.0011   -0.075     0.072     0.32    
   0.054     0.016     0.039     0.0006   -0.00037   0.023     0.0026   -0.17      0.1       0.73    
   0.0015    1e-05     0.0015    2.4e-05   1.6e-07  -9.7e-06   0.0001   -0.0067   -4.5e-05   0.029   
   0.0015    1e-05     0.0015    2.4e-05   1.6e-07  -9.7e-06   0.0001   -0.0067   -4.5e-05   0.029   
   0         0         0         0         0         0         0        -0         0         0       
   0.18      0.18      0.00017  -1.2e-06  -0.00096  -6e-05     0.0015    9.7e-05   0.29      0.45    
   0.066     0.066     4.4e-05  -7.6e-06  -0.00032  -0.0012    0.00044   0.0017    0.092     0.13    
   0.23      0.23      0.0019   -3.8e-06  -0.0094   -0.0005    0.014     0.00069   0.32      0.45    
   2.4e-05   0.00019   0.00018   1e-06     4.6e-05  -2.8e-07  -0.0029    1.8e-05   0.00081   0.05    

CRB
   0         0         0         0         0         0         0         0         0         0       
   6.6       5.9       0.8       0.00028   0.088    -0.00091   1.4e-17  -4.4e-16  -4.4e-16   53      
   1.8       1.6       0.23     -0.0087    0.05      0.34      0.078     1.7      -3.2       16      
   1.8       1.6       0.21     -0.013     0.048     0.35      0.12      1.6      -3.3       14      
   1.7       1.6       0.14     -0.011     0.047     0.32      0.1       1.1      -3.1       11      
   1.4       1.3       0.041    -0.0053    0.037     0.21      0.049     0.32     -2         3       
   0.73      0.72      0.019    -0.0039    0.03      0.094     0.036     0.12     -0.88      1.1     
   0.36      0.36      0.0093   -0.002     0.015     0.047     0.018     0.058    -0.44      0.54    
   1.8       1.6       0.23      0.0088    0.05     -0.34      0.079    -1.7      -3.2       16      
   1.8       1.6       0.21      0.013     0.048    -0.35      0.12     -1.5      -3.3       14      
   1.7       1.6       0.14      0.011     0.047    -0.32      0.1      -1.1      -3.1       11      
   1.4       1.3       0.041     0.0053    0.037    -0.21      0.049    -0.32     -2         3       
   0.73      0.72      0.018     0.0039    0.03     -0.094     0.036    -0.11     -0.88      1.1     
   0.36      0.36      0.0092    0.0019    0.015    -0.047     0.018    -0.057    -0.44      0.54    
   2.9       2.7       0.29      0.00018  -0.025    -0.00053   0.069    -0.012     6.2       17      
   2.9       2.6       0.29      7.3e-05  -0.024    -0.0028    0.061     0.0015    6         16      
   2.8       2.6       0.29      2.3e-05  -0.019    -0.0039    0.042     0.0081    5.7       14      
   2.8       2.5       0.29      2.9e-05  -0.015    -0.0038    0.025     0.0077    5.4       13      
   0.53      0.4       0.13     -0.003    -0.0056   -0.19      0.015     0.61      0.99      3       
   0.32      0.21      0.11     -0.0021   -0.0029   -0.13      0.0094    0.48      0.6       2.2     
   0.19      0.1       0.089    -0.0014   -0.0013   -0.083     0.0059    0.38      0.36      1.7     
   0.092     0.032     0.06     -0.0009   -0.0006   -0.04      0.0039    0.26      0.17      1.1     
   0.057     0.016     0.042    -0.00064  -0.00034  -0.023     0.0028    0.18      0.1       0.79    
   0.0031    2.1e-05   0.0031   -4.8e-05   3.2e-07   2e-05     0.00021   0.014    -9.2e-05   0.059   
   0.0016    1e-05     0.0016   -2.4e-05   1.6e-07   1e-05     0.0001    0.0068   -4.6e-05   0.03    
   0         0         0         0         0         0         0         0         0         0       
   0.53      0.4       0.13      0.003    -0.0056    0.19      0.015    -0.6       0.99      3       
   0.32      0.21      0.11      0.0021   -0.003     0.13      0.0094   -0.48      0.6       2.2     
   0.19      0.1       0.089     0.0014   -0.0013    0.083     0.0059   -0.38      0.36      1.7     
   0.091     0.032     0.06      0.00091  -0.00062   0.04      0.004    -0.26      0.17      1.1     
   0.057     0.016     0.042     0.00065  -0.00037   0.023     0.0028   -0.18      0.1       0.79    
   0.0031    2.1e-05   0.0031    4.8e-05   3.2e-07  -1.9e-05   0.00021  -0.013    -8.9e-05   0.059   
   0.0015    1e-05     0.0015    2.4e-05   1.6e-07  -9.7e-06   0.0001   -0.0067   -4.5e-05   0.029   
   0         0         0         0         0         0         0        -0         0         0       
   0.48      0.48      0.0021   -1.3e-05  -0.011    -0.0018    0.016     0.0025    0.7       1       
   0.3       0.3       0.002    -1.1e-05  -0.0097   -0.0017    0.014     0.0024    0.41      0.58    
   0.23      0.23      0.0019   -3.8e-06  -0.0094   -0.0005    0.014     0.00069   0.32      0.45    
   2.4e-05   0.00019   0.00018   1e-06     4.6e-05  -2.8e-07  -0.0029    1.8e-05   0.00081   0.05    

QM
   2         0.033    -9.2e-05  -9.2e-05  -8.7e-05   0.014     0         0         0         0         0         0         0         0         0         0         0         0         0         0         0         0         0         0         0         0         0         0         0         0         0         0       
   0.033     0.039    -0.0036    0.00098   7.8e-05   0.00062   0         0         0         0         0         0         0         0         0         0         0         0         0         0         0         0         0         0         0         0         0         0         0         0         0         0       
  -9.2e-05  -0.0036    1.1       0.41      0.029    -2.8e-05   0         0         0         0         0         0         0         0         0         0         0         0         0         0         0         0         0         0         0         0         0         0         0         0         0         0       
  -9.2e-05   0.00098   0.41      0.19      0.017    -2.8e-05   0         0         0         0         0         0         0         0         0         0         0         0         0         0         0         0         0         0         0         0         0         0         0         0         0         0       
  -8.7e-05   7.8e-05   0.029     0.017     0.0064   -2.8e-05   0         0         0         0         0         0         0         0         0         0         0         0         0         0         0         0         0         0         0         0         0         0         0         0         0         0       
   0.014     0.00062  -2.8e-05  -2.8e-05  -2.8e-05   0.00086   0         0         0         0         0         0         0         0         0         0         0         0         0         0         0         0         0         0         0         0         0         0         0         0         0         0       
   0         0         0         0         0         0         2         0.033     7.4e-05   9.3e-05   8.7e-05   0.014     0         0         0         0         0         0         0         0         0         0         0         0         0         0         0         0         0         0         0         0       
   0         0         0         0         0         0         0.033     0.039     0.0035   -0.00098  -7.8e-05   0.00062   0         0         0         0         0         0         0         0         0         0         0         0         0         0         0         0         0         0         0         0       
   0         0         0         0         0         0         7.4e-05   0.0035    1.1       0.41      0.029     2.8e-05   0         0         0         0         0         0         0         0         0         0         0         0         0         0         0         0         0         0         0         0       
   0         0         0         0         0         0         9.3e-05  -0.00098   0.41      0.19      0.017     2.8e-05   0         0         0         0         0         0         0         0         0         0         0         0         0         0         0         0         0         0         0         0       
   0         0         0         0         0         0         8.7e-05  -7.8e-05   0.029     0.017     0.0064    2.8e-05   0         0         0         0         0         0         0         0         0         0         0         0         0         0         0         0         0         0         0         0       
   0         0         0         0         0         0         0.014     0.00062   2.8e-05   2.8e-05   2.8e-05   0.00086   0         0         0         0         0         0         0         0         0         0         0         0         0         0         0         0         0         0         0         0       
   0         0         0         0         0         0         0         0         0         0         0         0         0.29     -0.0014    0.0073    0.11     -0.0019    0.0019    0.025     0.00071  -2.9e-06   7.9e-05  -0.11     -0.0019    0.0019   -0.025     0.00071  -2.9e-06  -7.8e-05   0.002     0.00038  -2.7e-06 
   0         0         0         0         0         0         0         0         0         0         0         0        -0.0014    1.1       6.1e-05  -0.0049    0.00029  -0.00021   0.0069    7.8e-05   3.2e-07   6.9e-05  -0.005    -0.00028   0.00021   0.0069   -7.9e-05  -3.2e-07   6.9e-05  -0.0012    3.8e-07  -0.00093 
   0         0         0         0         0         0         0         0         0         0         0         0         0.0073    6.1e-05   0.89     -0.0012    0.053     3.7e-06   5e-06     8.2e-06   0.0002    0         0.0012    0.053    -1.3e-05   6.7e-06  -7.7e-06   0.0002    0        -0.0052   -0.0012    2.9e-06 
   0         0         0         0         0         0         0         0         0         0         0         0         0.11     -0.0049   -0.0012    0.14     -1.7e-05   0.0018    0.04      0.00073   1.7e-21   0.00017   0         0         0         0         0         0         0         0         0         0       
   0         0         0         0         0         0         0         0         0         0         0         0        -0.0019    0.00029   0.053    -1.7e-05   0.16      6.1e-06   1.2e-06   2.9e-06   0.00036   0         0         0         0         0         0         0         0         0         0         0       
   0         0         0         0         0         0         0         0         0         0         0         0         0.0019   -0.00021   3.7e-06   0.0018    6.1e-06   0.00072   0.00023   0.00034   4.2e-22   5.7e-09   0         0         0         0         0         0         0         0         0         0       
   0         0         0         0         0         0         0         0         0         0         0         0         0.025     0.0069    5e-06     0.04      1.2e-06   0.00023   0.016     0.00021   1.5e-21   9.8e-05   0         0         0         0         0         0         0         0         0         0       
   0         0         0         0         0         0         0         0         0         0         0         0         0.00071   7.8e-05   8.2e-06   0.00073   2.9e-06   0.00034   0.00021   0.00034   4.2e-22  -1.2e-08   0         0         0         0         0         0         0         0         0         0       
   0         0         0         0         0         0         0         0         0         0         0         0        -2.9e-06   3.2e-07   0.0002    1.7e-21   0.00036   4.2e-22   1.5e-21   4.2e-22   1.9e-05   0         0         0         0         0         0         0         0         0         0         0       
   0         0         0         0         0         0         0         0         0         0         0         0         7.9e-05   6.9e-05   0         0.00017   0         5.7e-09   9.8e-05  -1.2e-08   0         1.4e-05   0         0         0         0         0         0         0         0         0         0       
   0         0         0         0         0         0         0         0         0         0         0         0        -0.11     -0.005     0.0012    0         0         0         0         0         0         0         0.14      2e-05    -0.0018    0.04     -0.00073   1.4e-21   0.00017   0         0         0       
   0         0         0         0         0         0         0         0         0         0         0         0        -0.0019   -0.00028   0.053     0         0         0         0         0         0         0         2e-05     0.16      4.3e-06   1.5e-06  -6.3e-07   0.00036   0         0         0         0       
   0         0         0         0         0         0         0         0         0         0         0         0         0.0019    0.00021  -1.3e-05   0         0         0         0         0         0         0        -0.0018    4.3e-06   0.00072  -0.00023   0.00034  -4.2e-22  -2.6e-09   0         0         0       
   0         0         0         0         0         0         0         0         0         0         0         0        -0.025     0.0069    6.7e-06   0         0         0         0         0         0         0         0.04      1.5e-06  -0.00023   0.016    -0.00021   1.4e-21   9.7e-05   0         0         0       
   0         0         0         0         0         0         0         0         0         0         0         0         0.00071  -7.9e-05  -7.7e-06   0         0         0         0         0         0         0        -0.00073  -6.3e-07   0.00034  -0.00021   0.00034  -4.2e-22   1.5e-08   0         0         0       
   0         0         0         0         0         0         0         0         0         0         0         0        -2.9e-06  -3.2e-07   0.0002    0         0         0         0         0         0         0         1.4e-21   0.00036  -4.2e-22   1.4e-21  -4.2e-22   1.9e-05   0         0         0         0       
   0         0         0         0         0         0         0         0         0         0         0         0        -7.8e-05   6.9e-05   0         0         0         0         0         0         0         0         0.00017   0        -2.6e-09   9.7e-05   1.5e-08   0         1.4e-05   0         0         0       
   0         0         0         0         0         0         0         0         0         0         0         0         0.002    -0.0012   -0.0052    0         0         0         0         0         0         0         0         0         0         0         0         0         0         0.002     0.0004   -2.7e-06 
   0         0         0         0         0         0         0         0         0         0         0         0         0.00038   3.8e-07  -0.0012    0         0         0         0         0         0         0         0         0         0         0         0         0         0         0.0004    0.0012   -9.7e-06 
   0         0         0         0         0         0         0         0         0         0         0         0        -2.7e-06  -0.00093   2.9e-06   0         0         0         0         0         0         0         0         0         0         0         0         0         0        -2.7e-06  -9.7e-06   0.0018  

QLD
   1.8       0.59      0.00092  -0.0045    0.059     16        0         0         0         0         0         0         0         0         0         0         0         0         0         0         0         0         0         0         0         0         0         0         0         0         0         0       
   0.59      0.038    -0.027     0.0052    0.015     0.72      0         0         0         0         0         0         0         0         0         0         0         0         0         0         0         0         0         0         0         0         0         0         0         0         0         0       
   0.00092  -0.027     0.21      2.4       4.4      -0.033     0         0         0         0         0         0         0         0         0         0         0         0         0         0         0         0         0         0         0         0         0         0         0         0         0         0       
  -0.0045    0.0052    2.4       0.14      2.7      -0.033     0         0         0         0         0         0         0         0         0         0         0         0         0         0         0         0         0         0         0         0         0         0         0         0         0         0       
   0.059     0.015     4.4       2.7       0.0064   -0.033     0         0         0         0         0         0         0         0         0         0         0         0         0         0         0         0         0         0         0         0         0         0         0         0         0         0       
   16        0.72     -0.033    -0.033    -0.033     0.00086   0         0         0         0         0         0         0         0         0         0         0         0         0         0         0         0         0         0         0         0         0         0         0         0         0         0       
   0         0         0         0         0         0         1.8       0.59     -0.001     0.0045   -0.058     16        0         0         0         0         0         0         0         0         0         0         0         0         0         0         0         0         0         0         0         0       
   0         0         0         0         0         0         0.59      0.038     0.027    -0.0052   -0.015     0.72      0         0         0         0         0         0         0         0         0         0         0         0         0         0         0         0         0         0         0         0       
   0         0         0         0         0         0        -0.001     0.027     0.21      2.4       4.4       0.033     0         0         0         0         0         0         0         0         0         0         0         0         0         0         0         0         0         0         0         0       
   0         0         0         0         0         0         0.0045   -0.0052    2.4       0.14      2.7       0.033     0         0         0         0         0         0         0         0         0         0         0         0         0         0         0         0         0         0         0         0       
   0         0         0         0         0         0        -0.058    -0.015     4.4       2.7       0.0064    0.033     0         0         0         0         0         0         0         0         0         0         0         0         0         0         0         0         0         0         0         0       
   0         0         0         0         0         0         16        0.72      0.033     0.033     0.033     0.00086   0         0         0         0         0         0         0         0         0         0         0         0         0         0         0         0         0         0         0         0       
   0         0         0         0         0         0         0         0         0         0         0         0         0.11     -0.00019   0.02      1.1      -0.013     3.1       1.6       2.1      -0.15      5.6      -1.1      -0.013     3.1      -1.6       2.1      -0.15     -5.6       0.98      0.32     -0.0015  
   0         0         0         0         0         0         0         0         0         0         0         0        -0.00019   1        -0.0035   -0.57      0.0019   -0.76      0.43      0.23      0.017     4.9      -0.57     -0.0019    0.77      0.43     -0.23     -0.017     4.9      -0.62     -0.0039   -0.52    
   0         0         0         0         0         0         0         0         0         0         0         0         0.02     -0.0035    0.84     -0.031     0.33     -0.012    -1.1e-05   0.024     11        0         0.031     0.33     -0.014     0.00013  -0.022     11        0        -2.5      -1         0.0016  
   0         0         0         0         0         0         0         0         0         0         0         0         1.1      -0.57     -0.031     0.038    -0.0002    2.6       2.6       2.1       8.9e-17   12        0         0         0         0         0         0         0         0         0         0       
   0         0         0         0         0         0         0         0         0         0         0         0        -0.013     0.0019    0.33     -0.0002    0.15      0.0083   -4.4e-05   0.0086    19        0         0         0         0         0         0         0         0         0         0         0       
   0         0         0         0         0         0         0         0         0         0         0         0         3.1      -0.76     -0.012     2.6       0.0083    0.00038   0.0013    1         2.2e-17   0.0004    0         0         0         0         0         0         0         0         0         0       
   0         0         0         0         0         0         0         0         0         0         0         0         1.6       0.43     -1.1e-05   2.6      -4.4e-05   0.0013    0.015     0.62      8.1e-17   7         0         0         0         0         0         0         0         0         0         0       
   0         0         0         0         0         0         0         0         0         0         0         0         2.1       0.23      0.024     2.1       0.0086    1         0.62      0.00034   2.2e-17  -0.00084   0         0         0         0         0         0         0         0         0         0       
   0         0         0         0         0         0         0         0         0         0         0         0        -0.15      0.017     11        8.9e-17   19        2.2e-17   8.1e-17   2.2e-17   1.9e-05   0         0         0         0         0         0         0         0         0         0         0       
   0         0         0         0         0         0         0         0         0         0         0         0         5.6       4.9       0         12        0         0.0004    7        -0.00084   0         1.4e-05   0         0         0         0         0         0         0         0         0         0       
   0         0         0         0         0         0         0         0         0         0         0         0        -1.1      -0.57      0.031     0         0         0         0         0         0         0         0.038     0.00019  -2.6       2.6      -2.1       7.3e-17   12        0         0         0       
   0         0         0         0         0         0         0         0         0         0         0         0        -0.013    -0.0019    0.33      0         0         0         0         0         0         0         0.00019   0.15      0.013     7.3e-05  -0.0018    19        0         0         0         0       
   0         0         0         0         0         0         0         0         0         0         0         0         3.1       0.77     -0.014     0         0         0         0         0         0         0        -2.6       0.013     0.00038  -0.0014    1        -2.2e-17  -0.00019   0         0         0       
   0         0         0         0         0         0         0         0         0         0         0         0        -1.6       0.43      0.00013   0         0         0         0         0         0         0         2.6       7.3e-05  -0.0014    0.015    -0.62      7.5e-17   6.9       0         0         0       
   0         0         0         0         0         0         0         0         0         0         0         0         2.1      -0.23     -0.022     0         0         0         0         0         0         0        -2.1      -0.0018    1        -0.62      0.00034  -2.2e-17   0.0011    0         0         0       
   0         0         0         0         0         0         0         0         0         0         0         0        -0.15     -0.017     11        0         0         0         0         0         0         0         7.3e-17   19       -2.2e-17   7.5e-17  -2.2e-17   1.9e-05   0         0         0         0       
   0         0         0         0         0         0         0         0         0         0         0         0        -5.6       4.9       0         0         0         0         0         0         0         0         12        0        -0.00019   6.9       0.0011    0         1.4e-05   0         0         0       
   0         0         0         0         0         0         0         0         0         0         0         0         0.98     -0.62     -2.5       0         0         0         0         0         0         0         0         0         0         0         0         0         0         0.0019    0.33     -0.0015  
   0         0         0         0         0         0         0         0         0         0         0         0         0.32     -0.0039   -1         0         0         0         0         0         0         0         0         0         0         0         0         0         0         0.33      0.0012   -0.0054  
   0         0         0         0         0         0         0         0         0         0         0         0        -0.0015   -0.52      0.0016    0         0         0         0         0         0         0         0         0         0         0         0         0         0        -0.0015   -0.0054    0.0018  

QLDIAGINV
   0.57    
   26      
   4.7     
   7.1     
   1.6e+02 
   1.2e+03 
   0.57    
   26      
   4.7     
   7.1     
   1.6e+02 
   1.2e+03 
   8.9     
   0.97    
   1.2     
   26      
   6.7     
   2.6e+03 
   67      
   2.9e+03 
   5.3e+04 
   7.1e+04 
   26      
   6.7     
   2.6e+03 
   67      
   2.9e+03 
   5.3e+04 
   7.1e+04 
   5.2e+02 
   8.3e+02 
   5.6e+02 

QLDIAGSQRTINV
   0.75    
   5.1     
   2.2     
   2.7     
   12      
   34      
   0.75    
   5.1     
   2.2     
   2.7     
   12      
   34      
   3       
   0.99    
   1.1     
   5.1     
   2.6     
   51      
   8.2     
   54      
   2.3e+02 
   2.7e+02 
   5.1     
   2.6     
   51      
   8.2     
   54      
   2.3e+02 
   2.7e+02 
   23      
   29      
   24      

D_rownnz              6 6 6 6 6 6 6 6 6 6 6 6 20 20 20 10 10 10 10 10 10 10 10 10 10 10 10 10 10 6 6 6

D_rowadr              0 6 12 18 24 30 36 42 48 54 60 66 72 92 112 132 142 152 162 172 182 192 202 212 222 232 242 252 262 272 278 284

D_colind              0 1 2 3 4 5 0 1 2 3 4 5 0 1 2 3 4 5 0 1 2 3 4 5 0 1 2 3 4 5 0 1 2 3 4 5 6 7 8 9 10 11 6 7 8 9 10 11 6 7 8 9 10 11 6 7 8 9 10 11 6 7 8 9 10 11 6 7 8 9 10 11 12 13 14 15 16 17 18 19 20 21 22 23 24 25 26 27 28 29 30 31 12 13 14 15 16 17 18 19 20 21 22 23 24 25 26 27 28 29 30 31 12 13 14 15 16 17 18 19 20 21 22 23 24 25 26 27 28 29 30 31 12 13 14 15 16 17 18 19 20 21 12 13 14 15 16 17 18 19 20 21 12 13 14 15 16 17 18 19 20 21 12 13 14 15 16 17 18 19 20 21 12 13 14 15 16 17 18 19 20 21 12 13 14 15 16 17 18 19 20 21 12 13 14 15 16 17 18 19 20 21 12 13 14 22 23 24 25 26 27 28 12 13 14 22 23 24 25 26 27 28 12 13 14 22 23 24 25 26 27 28 12 13 14 22 23 24 25 26 27 28 12 13 14 22 23 24 25 26 27 28 12 13 14 22 23 24 25 26 27 28 12 13 14 22 23 24 25 26 27 28 12 13 14 29 30 31 12 13 14 29 30 31 12 13 14 29 30 31

B_rownnz              32 32 6 6 6 6 6 6 6 6 6 6 6 6 20 20 20 20 10 10 10 10 10 10 10 10 10 10 10 10 10 10 10 10 6 6 6 0

B_rowadr              0 32 64 70 76 82 88 94 100 106 112 118 124 130 136 156 176 196 216 226 236 246 256 266 276 286 296 306 316 326 336 346 356 366 376 382 388 394

B_colind              0 1 2 3 4 5 6 7 8 9 10 11 12 13 14 15 16 17 18 19 20 21 22 23 24 25 26 27 28 29 30 31 0 1 2 3 4 5 6 7 8 9 10 11 12 13 14 15 16 17 18 19 20 21 22 23 24 25 26 27 28 29 30 31 0 1 2 3 4 5 0 1 2 3 4 5 0 1 2 3 4 5 0 1 2 3 4 5 0 1 2 3 4 5 0 1 2 3 4 5 6 7 8 9 10 11 6 7 8 9 10 11 6 7 8 9 10 11 6 7 8 9 10 11 6 7 8 9 10 11 6 7 8 9 10 11 12 13 14 15 16 17 18 19 20 21 22 23 24 25 26 27 28 29 30 31 12 13 14 15 16 17 18 19 20 21 22 23 24 25 26 27 28 29 30 31 12 13 14 15 16 17 18 19 20 21 22 23 24 25 26 27 28 29 30 31 12 13 14 15 16 17 18 19 20 21 22 23 24 25 26 27 28 29 30 31 12 13 14 15 16 17 18 19 20 21 12 13 14 15 16 17 18 19 20 21 12 13 14 15 16 17 18 19 20 21 12 13 14 15 16 17 18 19 20 21 12 13 14 15 16 17 18 19 20 21 12 13 14 15 16 17 18 19 20 21 12 13 14 15 16 17 18 19 20 21 12 13 14 15 16 17 18 19 20 21 12 13 14 22 23 24 25 26 27 28 12 13 14 22 23 24 25 26 27 28 12 13 14 22 23 24 25 26 27 28 12 13 14 22 23 24 25 26 27 28 12 13 14 22 23 24 25 26 27 28 12 13 14 22 23 24 25 26 27 28 12 13 14 22 23 24 25 26 27 28 12 13 14 22 23 24 25 26 27 28 12 13 14 29 30 31 12 13 14 29 30 31 12 13 14 29 30 31

QDERIV
   0         0         0         0         0         0         0         0         0         0         0         0         0         0         0         0         0         0         0         0         0         0         0         0         0         0         0         0         0         0         0         0       
   0         0         0         0         0         0         0         0         0         0         0         0         0         0         0         0         0         0         0         0         0         0         0         0         0         0         0         0         0         0         0         0       
   0         0         0         0         0         0         0         0         0         0         0         0         0         0         0         0         0         0         0         0         0         0         0         0         0         0         0         0         0         0         0         0       
   0         0         0         0         0         0         0         0         0         0         0         0         0         0         0         0         0         0         0         0         0         0         0         0         0         0         0         0         0         0         0         0       
   0         0         0         0         0         0         0         0         0         0         0         0         0         0         0         0         0         0         0         0         0         0         0         0         0         0         0         0         0         0         0         0       
   0         0         0         0         0         0         0         0         0         0         0         0         0         0         0         0         0         0         0         0         0         0         0         0         0         0         0         0         0         0         0         0       
   0         0         0         0         0         0         0         0         0         0         0         0         0         0         0         0         0         0         0         0         0         0         0         0         0         0         0         0         0         0         0         0       
   0         0         0         0         0         0         0         0         0         0         0         0         0         0         0         0         0         0         0         0         0         0         0         0         0         0         0         0         0         0         0         0       
   0         0         0         0         0         0         0         0         0         0         0         0         0         0         0         0         0         0         0         0         0         0         0         0         0         0         0         0         0         0         0         0       
   0         0         0         0         0         0         0         0         0         0         0         0         0         0         0         0         0         0         0         0         0         0         0         0         0         0         0         0         0         0         0         0       
   0         0         0         0         0         0         0         0         0         0         0         0         0         0         0         0         0         0         0         0         0         0         0         0         0         0         0         0         0         0         0         0       
   0         0         0         0         0         0         0         0         0         0         0         0         0         0         0         0         0         0         0         0         0         0         0         0         0         0         0         0         0         0         0         0       
   0         0         0         0         0         0         0         0         0         0         0         0         0         0         0         0         0         0         0         0         0         0         0         0         0         0         0         0         0         0         0         0       
   0         0         0         0         0         0         0         0         0         0         0         0         0         0         0         0         0         0         0         0         0         0         0         0         0         0         0         0         0         0         0         0       
   0         0         0         0         0         0         0         0         0         0         0         0         0         0         0         0         0         0         0         0         0         0         0         0         0         0         0         0         0         0         0         0       
   0         0         0         0         0         0         0         0         0         0         0         0         0         0         0         0         0         0         0         0         0         0         0         0         0         0         0         0         0         0         0         0       
   0         0         0         0         0         0         0         0         0         0         0         0         0         0         0         0         0         0         0         0         0         0         0         0         0         0         0         0         0         0         0         0       
   0         0         0         0         0         0         0         0         0         0         0         0         0         0         0         0         0         0         0         0         0         0         0         0         0         0         0         0         0         0         0         0       
   0         0         0         0         0         0         0         0         0         0         0         0         0         0         0         0         0         0         0         0         0         0         0         0         0         0         0         0         0         0         0         0       
   0         0         0         0         0         0         0         0         0         0         0         0         0         0         0         0         0         0         0         0         0         0         0         0         0         0         0         0         0         0         0         0       
   0         0         0         0         0         0         0         0         0         0         0         0         0         0         0         0         0         0         0         0         0         0         0         0         0         0         0         0         0         0         0         0       
   0         0         0         0         0         0         0         0         0         0         0         0         0         0         0         0         0         0         0         0         0         0         0         0         0         0         0         0         0         0         0         0       
   0         0         0         0         0         0         0         0         0         0         0         0         0         0         0         0         0         0         0         0         0         0         0         0         0         0         0         0         0         0         0         0       
   0         0         0         0         0         0         0         0         0         0         0         0         0         0         0         0         0         0         0         0         0         0         0         0         0         0         0         0         0         0         0         0       
   0         0         0         0         0         0         0         0         0         0         0         0         0         0         0         0         0         0         0         0         0         0         0         0         0         0         0         0         0         0         0         0       
   0         0         0         0         0         0         0         0         0         0         0         0         0         0         0         0         0         0         0         0         0         0         0         0         0         0         0         0         0         0         0         0       
   0         0         0         0         0         0         0         0         0         0         0         0         0         0         0         0         0         0         0         0         0         0         0         0         0         0         0         0         0         0         0         0       
   0         0         0         0         0         0         0         0         0         0         0         0         0         0         0         0         0         0         0         0         0         0         0         0         0         0         0         0         0         0         0         0       
   0         0         0         0         0         0         0         0         0         0         0         0         0         0         0         0         0         0         0         0         0         0         0         0         0         0         0         0         0         0         0         0       
   0         0         0         0         0         0         0         0         0         0         0         0         0         0         0         0         0         0         0         0         0         0         0         0         0         0         0         0         0         0         0         0       
   0         0         0         0         0         0         0         0         0         0         0         0         0         0         0         0         0         0         0         0         0         0         0         0         0         0         0         0         0         0         0         0       
   0         0         0         0         0         0         0         0         0         0         0         0         0         0         0         0         0         0         0         0         0         0         0         0         0         0         0         0         0         0         0         0       

QLU
   0         0         0         0         0         0         0         0         0         0         0         0         0         0         0         0         0         0         0         0         0         0         0         0         0         0         0         0         0         0         0         0       
   0         0         0         0         0         0         0         0         0         0         0         0         0         0         0         0         0         0         0         0         0         0         0         0         0         0         0         0         0         0         0         0       
   0         0         0         0         0         0         0         0         0         0         0         0         0         0         0         0         0         0         0         0         0         0         0         0         0         0         0         0         0         0         0         0       
   0         0         0         0         0         0         0         0         0         0         0         0         0         0         0         0         0         0         0         0         0         0         0         0         0         0         0         0         0         0         0         0       
   0         0         0         0         0         0         0         0         0         0         0         0         0         0         0         0         0         0         0         0         0         0         0         0         0         0         0         0         0         0         0         0       
   0         0         0         0         0         0         0         0         0         0         0         0         0         0         0         0         0         0         0         0         0         0         0         0         0         0         0         0         0         0         0         0       
   0         0         0         0         0         0         0         0         0         0         0         0         0         0         0         0         0         0         0         0         0         0         0         0         0         0         0         0         0         0         0         0       
   0         0         0         0         0         0         0         0         0         0         0         0         0         0         0         0         0         0         0         0         0         0         0         0         0         0         0         0         0         0         0         0       
   0         0         0         0         0         0         0         0         0         0         0         0         0         0         0         0         0         0         0         0         0         0         0         0         0         0         0         0         0         0         0         0       
   0         0         0         0         0         0         0         0         0         0         0         0         0         0         0         0         0         0         0         0         0         0         0         0         0         0         0         0         0         0         0         0       
   0         0         0         0         0         0         0         0         0         0         0         0         0         0         0         0         0         0         0         0         0         0         0         0         0         0         0         0         0         0         0         0       
   0         0         0         0         0         0         0         0         0         0         0         0         0         0         0         0         0         0         0         0         0         0         0         0         0         0         0         0         0         0         0         0       
   0         0         0         0         0         0         0         0         0         0         0         0         0         0         0         0         0         0         0         0         0         0         0         0         0         0         0         0         0         0         0         0       
   0         0         0         0         0         0         0         0         0         0         0         0         0         0         0         0         0         0         0         0         0         0         0         0         0         0         0         0         0         0         0         0       
   0         0         0         0         0         0         0         0         0         0         0         0         0         0         0         0         0         0         0         0         0         0         0         0         0         0         0         0         0         0         0         0       
   0         0         0         0         0         0         0         0         0         0         0         0         0         0         0         0         0         0         0         0         0         0         0         0         0         0         0         0         0         0         0         0       
   0         0         0         0         0         0         0         0         0         0         0         0         0         0         0         0         0         0         0         0         0         0         0         0         0         0         0         0         0         0         0         0       
   0         0         0         0         0         0         0         0         0         0         0         0         0         0         0         0         0         0         0         0         0         0         0         0         0         0         0         0         0         0         0         0       
   0         0         0         0         0         0         0         0         0         0         0         0         0         0         0         0         0         0         0         0         0         0         0         0         0         0         0         0         0         0         0         0       
   0         0         0         0         0         0         0         0         0         0         0         0         0         0         0         0         0         0         0         0         0         0         0         0         0         0         0         0         0         0         0         0       
   0         0         0         0         0         0         0         0         0         0         0         0         0         0         0         0         0         0         0         0         0         0         0         0         0         0         0         0         0         0         0         0       
   0         0         0         0         0         0         0         0         0         0         0         0         0         0         0         0         0         0         0         0         0         0         0         0         0         0         0         0         0         0         0         0       
   0         0         0         0         0         0         0         0         0         0         0         0         0         0         0         0         0         0         0         0         0         0         0         0         0         0         0         0         0         0         0         0       
   0         0         0         0         0         0         0         0         0         0         0         0         0         0         0         0         0         0         0         0         0         0         0         0         0         0         0         0         0         0         0         0       
   0         0         0         0         0         0         0         0         0         0         0         0         0         0         0         0         0         0         0         0         0         0         0         0         0         0         0         0         0         0         0         0       
   0         0         0         0         0         0         0         0         0         0         0         0         0         0         0         0         0         0         0         0         0         0         0         0         0         0         0         0         0         0         0         0       
   0         0         0         0         0         0         0         0         0         0         0         0         0         0         0         0         0         0         0         0         0         0         0         0         0         0         0         0         0         0         0         0       
   0         0         0         0         0         0         0         0         0         0         0         0         0         0         0         0         0         0         0         0         0         0         0         0         0         0         0         0         0         0         0         0       
   0         0         0         0         0         0         0         0         0         0         0         0         0         0         0         0         0         0         0         0         0         0         0         0         0         0         0         0         0         0         0         0       
   0         0         0         0         0         0         0         0         0         0         0         0         0         0         0         0         0         0         0         0         0         0         0         0         0         0         0         0         0         0         0         0       
   0         0         0         0         0         0         0         0         0         0         0         0         0         0         0         0         0         0         0         0         0         0         0         0         0         0         0         0         0         0         0         0       
   0         0         0         0         0         0         0         0         0         0         0         0         0         0         0         0         0         0         0         0         0         0         0         0         0         0         0         0         0         0         0         0       

CONTACT
CVEL
   0         0         0         0         0         0       
   0         0         0         0         0         0       
   0         0         0         0         0         0       
   0         0         0         0         0         0       
   0         0         0         0         0         0       
   0         0         0         0         0         0       
   0         0         0         0         0         0       
   0         0         0         0         0         0       
   0         0         0         0         0         0       
   0         0         0         0         0         0       
   0         0         0         0         0         0       
   0         0         0         0         0         0       
   0         0         0         0         0         0       
   0         0         0         0         0         0       
   0         0         0         0         0         0       
   0         0         0         0         0         0       
   0         0         0         0         0         0       
   0         0         0         0         0         0       
   0         0         0         0         0         0       
   0         0         0         0         0         0       
   0         0         0         0         0         0       
   0         0         0         0         0         0       
   0         0         0         0         0         0       
   0         0         0         0         0         0       
   0         0         0         0         0         0       
   0         0         0         0         0         0       
   0         0         0         0         0         0       
   0         0         0         0         0         0       
   0         0         0         0         0         0       
   0         0         0         0         0         0       
   0         0         0         0         0         0       
   0         0         0         0         0         0       
   0         0         0         0         0         0       
   0         0         0         0         0         0       
   0         0         0         0         0         0       
   0         0         0         0         0         0       
   0         0         0         0         0         0       
   0         0         0         0         0         0       

CDOF_DOT
   0         0         0         0         0         0       
   0         0         0         0         0         0       
   0         0         0         0         0         0       
   0         0         0         0         0         0       
   0         0         0         0         0         0       
   0         0         0         0         0         0       
   0         0         0         0         0         0       
   0         0         0         0         0         0       
   0         0         0         0         0         0       
   0         0         0         0         0         0       
   0         0         0         0         0         0       
   0         0         0         0         0         0       
   0         0         0         0         0         0       
   0         0         0         0         0         0       
   0         0         0         0         0         0       
   0         0         0         0         0         0       
   0         0         0         0         0         0       
   0         0         0         0         0         0       
   0         0         0         0         0         0       
   0         0         0         0         0         0       
   0         0         0         0         0         0       
   0         0         0         0         0         0       
  -0         0         0         0         0         0       
   0         0         0         0         0         0       
   0         0         0         0         0         0       
   0         0         0         0         0         0       
   0         0         0         0         0         0       
   0         0         0         0         0         0       
   0         0         0         0         0         0       
   0         0         0         0         0         0       
   0         0         0         0         0         0       
   0         0         0         0         0         0       

QFRC_BIAS
   0.65    
   0       
  -0.44    
  -0.33    
  -0.3     
   0.0064  
  -0.65    
   0       
  -0.45    
  -0.33    
  -0.3     
  -0.0064  
   0       
   0.59    
   0.03    
  -0.039   
   0.77    
   0       
   0.0002  
   0       
   0.00075 
   0       
  -0.039   
  -0.78    
   0       
  -0.00027 
   0       
  -0.00075 
   0       
   0       
   0.027   
  -0.12    

QFRC_SPRING
   0       
   0       
   0       
   0       
   0       
   0       
   0       
   0       
   0       
   0       
   0       
   0       
   0       
   0       
   0       
   0       
   0       
   0       
   0       
   0       
   0       
   0       
   0       
   0       
   0       
   0       
   0       
   0       
   0       
   0       
   0       
   0       

QFRC_DAMPER
   0       
   0       
   0       
   0       
   0       
   0       
   0       
   0       
   0       
   0       
   0       
   0       
   0       
   0       
   0       
   0       
   0       
   0       
   0       
   0       
   0       
   0       
   0       
   0       
   0       
   0       
   0       
   0       
   0       
   0       
   0       
   0       

QFRC_GRAVCOMP
   0       
   0       
   0       
   0       
   0       
   0       
   0       
   0       
   0       
   0       
   0       
   0       
   0       
   0       
   0       
   0       
   0       
   0       
   0       
   0       
   0       
   0       
   0       
   0       
   0       
   0       
   0       
   0       
   0       
   0       
   0       
   0       

QFRC_FLUID
   0       
   0       
   0       
   0       
   0       
   0       
   0       
   0       
   0       
   0       
   0       
   0       
   0       
   0       
   0       
   0       
   0       
   0       
   0       
   0       
   0       
   0       
   0       
   0       
   0       
   0       
   0       
   0       
   0       
   0       
   0       
   0       

QFRC_PASSIVE
   0       
   0       
   0       
   0       
   0       
   0       
   0       
   0       
   0       
   0       
   0       
   0       
   0       
   0       
   0       
   0       
   0       
   0       
   0       
   0       
   0       
   0       
   0       
   0       
   0       
   0       
   0       
   0       
   0       
   0       
   0       
   0       

SUBTREE_LINVEL
   0         0         0       
   0         0         0       
   0         0         0       
   0         0         0       
   0         0         0       
   0         0         0       
   0         0         0       
   0         0         0       
   0         0         0       
   0         0         0       
   0         0         0       
   0         0         0       
   0         0         0       
   0         0         0       
   0         0         0       
   0         0         0       
   0         0         0       
   0         0         0       
   0         0         0       
   0         0         0       
   0         0         0       
   0         0         0       
   0         0         0       
   0         0         0       
   0         0         0       
   0         0         0       
   0         0         0       
   0         0         0       
   0         0         0       
   0         0         0       
   0         0         0       
   0         0         0       
   0         0         0       
   0         0         0       
   0         0         0       
   0         0         0       
   0         0         0       
   0         0         0       

SUBTREE_ANGMOM
   0         0         0       
   0         0         0       
   0         0         0       
   0         0         0       
   0         0         0       
   0         0         0       
   0         0         0       
   0         0         0       
   0         0         0       
   0         0         0       
   0         0         0       
   0         0         0       
   0         0         0       
   0         0         0       
   0         0         0       
   0         0         0       
   0         0         0       
   0         0         0       
   0         0         0       
   0         0         0       
   0         0         0       
   0         0         0       
   0         0         0       
   0         0         0       
   0         0         0       
   0         0         0       
   0         0         0       
   0         0         0       
   0         0         0       
   0         0         0       
   0         0         0       
   0         0         0       
   0         0         0       
   0         0         0       
   0         0         0       
   0         0         0       
   0         0         0       
   0         0         0       

QFRC_ACTUATOR
   0       
   0       
   0       
   0       
   0       
   0       
   0       
   0       
   0       
   0       
   0       
   0       
   0       
   0       
   0       
   0       
   0       
   0       
   0       
   0       
   0       
   0       
   0       
   0       
   0       
   0       
   0       
   0       
   0       
   0       
   0       
   0       

QFRC_SMOOTH
  -0.65    
   0       
   0.44    
   0.33    
   0.3     
  -0.0064  
   0.65    
   0       
   0.45    
   0.33    
   0.3     
   0.0064  
   0       
  -0.59    
  -0.03    
   0.039   
  -0.77    
   0       
  -0.0002  
   0       
  -0.00075 
   0       
   0.039   
   0.78    
   0       
   0.00027 
   0       
   0.00075 
   0       
   0       
  -0.027   
   0.12    

QACC_SMOOTH
  -0.32    
   0.41    
   1       
  -5.7     
   57      
  -0.73    
   0.32    
  -0.41    
   1.1     
  -5.8     
   57      
   0.73    
   0.0033  
  -0.47    
  -0.043   
   0.75    
  -5       
  -2.3     
  -1.7     
   1.9     
   57      
   5.2     
   0.74    
   5.1     
   2.2     
  -1.7     
  -1.8     
  -56      
   4.9     
   4.4     
  -24      
   65      

QFRC_CONSTRAINT
   0       
   0       
   0       
   0       
   0       
   0       
   0       
   0       
   0       
   0       
   0       
   0       
   0       
   0       
   0       
   0       
   0       
   0       
   0       
   0       
   0       
   0       
   0       
   0       
   0       
   0       
   0       
   0       
   0       
   0       
   0       
   0       

QFRC_INVERSE
   0       
   0       
   0       
   0       
   0       
   0       
   0       
   0       
   0       
   0       
   0       
   0       
   0       
   0       
   0       
   0       
   0       
   0       
   0       
   0       
   0       
   0       
   0       
   0       
   0       
   0       
   0       
   0       
   0       
   0       
   0       
   0       

CACC
   0         0         0         0         0         0       
   0         0         0         0         0         0       
   0         0         0         0         0         0       
   0         0         0         0         0         0       
   0         0         0         0         0         0       
   0         0         0         0         0         0       
   0         0         0         0         0         0       
   0         0         0         0         0         0       
   0         0         0         0         0         0       
   0         0         0         0         0         0       
   0         0         0         0         0         0       
   0         0         0         0         0         0       
   0         0         0         0         0         0       
   0         0         0         0         0         0       
   0         0         0         0         0         0       
   0         0         0         0         0         0       
   0         0         0         0         0         0       
   0         0         0         0         0         0       
   0         0         0         0         0         0       
   0         0         0         0         0         0       
   0         0         0         0         0         0       
   0         0         0         0         0         0       
   0         0         0         0         0         0       
   0         0         0         0         0         0       
   0         0         0         0         0         0       
   0         0         0         0         0         0       
   0         0         0         0         0         0       
   0         0         0         0         0         0       
   0         0         0         0         0         0       
   0         0         0         0         0         0       
   0         0         0         0         0         0       
   0         0         0         0         0         0       
   0         0         0         0         0         0       
   0         0         0         0         0         0       
   0         0         0         0         0         0       
   0         0         0         0         0         0       
   0         0         0         0         0         0       
   0         0         0         0         0         0       

CFRC_INT
   0         0         0         0         0         0       
   0         0         0         0         0         0       
   0         0         0         0         0         0       
   0         0         0         0         0         0       
   0         0         0         0         0         0       
   0         0         0         0         0         0       
   0         0         0         0         0         0       
   0         0         0         0         0         0       
   0         0         0         0         0         0       
   0         0         0         0         0         0       
   0         0         0         0         0         0       
   0         0         0         0         0         0       
   0         0         0         0         0         0       
   0         0         0         0         0         0       
   0         0         0         0         0         0       
   0         0         0         0         0         0       
   0         0         0         0         0         0       
   0         0         0         0         0         0       
   0         0         0         0         0         0       
   0         0         0         0         0         0       
   0         0         0         0         0         0       
   0         0         0         0         0         0       
   0         0         0         0         0         0       
   0         0         0         0         0         0       
   0         0         0         0         0         0       
   0         0         0         0         0         0       
   0         0         0         0         0         0       
   0         0         0         0         0         0       
   0         0         0         0         0         0       
   0         0         0         0         0         0       
   0         0         0         0         0         0       
   0         0         0         0         0         0       
   0         0         0         0         0         0       
   0         0         0         0         0         0       
   0         0         0         0         0         0       
   0         0         0         0         0         0       
   0         0         0         0         0         0       
   0         0         0         0         0         0       

CFRC_EXT
   0         0         0         0         0         0       
   0         0         0         0         0         0       
   0         0         0         0         0         0       
   0         0         0         0         0         0       
   0         0         0         0         0         0       
   0         0         0         0         0         0       
   0         0         0         0         0         0       
   0         0         0         0         0         0       
   0         0         0         0         0         0       
   0         0         0         0         0         0       
   0         0         0         0         0         0       
   0         0         0         0         0         0       
   0         0         0         0         0         0       
   0         0         0         0         0         0       
   0         0         0         0         0         0       
   0         0         0         0         0         0       
   0         0         0         0         0         0       
   0         0         0         0         0         0       
   0         0         0         0         0         0       
   0         0         0         0         0         0       
   0         0         0         0         0         0       
   0         0         0         0         0         0       
   0         0         0         0         0         0       
   0         0         0         0         0         0       
   0         0         0         0         0         0       
   0         0         0         0         0         0       
   0         0         0         0         0         0       
   0         0         0         0         0         0       
   0         0         0         0         0         0       
   0         0         0         0         0         0       
   0         0         0         0         0         0       
   0         0         0         0         0         0       
   0         0         0         0         0         0       
   0         0         0         0         0         0       
   0         0         0         0         0         0       
   0         0         0         0         0         0       
   0         0         0         0         0         0       
   0         0         0         0         0         0       

